13:25,20,Eastwood
13:55,20,Eastwood
